################################################################
#
# A color palette used by other libraries
#

palette <- c(
	blueF		= "#0000FF",
	redF		= "#FF0000",
	green8		= "#008800",
	magentaF	= "#FF00FF",
	cyanF		= "#00FFFF",
	black		= "#000000",

	gray8		= "#888888",
	red8		= "#880000",
	greenF		= "#00FF00",
	magenta8	= "#880088",
	cyan8		= "#008888",
	yellow8		= "#888800",
	blue8		= "#000088",

	salmon.light	= "#dd9955",
	pink.dark     	= "#FF0088",
	violet		= "#8800ff",
	green.blueish	= "#00ff88",
	blue.greenish	= "#0088ff",
	orange		= "#ff8800",

	grayB		= "#888888",
	blueB		= "#0000BB",
	redB		= "#BB0000",
	greenB		= "#00BB00",
	magentaB       	= "#BB00BB",
	cyanB		= "#00BBBB",
	yellowB		= "#BBBB00",

	gray6		= "#666666",
	blue6		= "#000066",
	red6		= "#660000",
	green6		= "#006600",
	magenta6       	= "#660066",
	cyan6		= "#006666",
	yellow6		= "#666600",

	yellowF		= "#FFFF00",

	pink.light     	= "#ff8888",
	greenish       	= "#88ff88",
	blueish		= "#8888ff"
)

